#SimCristoRey Config
#Tue Jul 21 10:38:50 GMT-04:00 2026
cajas.aho=1
cajas.ahorro=1
cajas.caj=4
cajas.cre=2
cajas.credito=2
cajas.general=4
cajas.generales=4
cajas.mm=1
cajas.plataforma=2
cajas.rec=1
cajas.reclamo=1
dias.laborables=2026-02-01\=true,2026-02-02\=true,2026-02-03\=true,2026-02-04\=true,2026-02-05\=true,2026-02-06\=true,2026-02-07\=true,2026-02-09\=true,2026-02-10\=true,2026-02-11\=true,2026-02-12\=true,2026-02-13\=true,2026-02-18\=true,2026-02-19\=true,2026-02-20\=true,2026-02-21\=true,2026-02-23\=true,2026-02-24\=true,2026-02-25\=true,2026-02-26\=true,2026-02-27\=true,2026-02-28\=true
dias.simular=22
duracion.minutos=240
escala.ms=25
hora.almuerzo.fin=720
hora.apertura=510
hora.fin=960
hora.inicio=510
hora.reanudacion=870
horario.unico=true
horas.jornada.dia=8.0
intervalo.minutos=1.3
jornada.partida=true
max.socios=200
max.socios.dia=519
prob.A=0.08
prob.C=0.24
prob.F=0.05
prob.P=0.12
prob.R=0.18
prob.S=0.28
prob.X=0.05
prob.aho=0.039999999999999994
prob.caj=0.6699999999999999
prob.codigos=C\=0.16831683168316833,A\=0.019801980198019802,S\=0.4158415841584158,F\=0.0297029702970297,P\=0.0594059405940594,R\=0.19801980198019803,PC\=0.0594059405940594,PS\=0.04950495049504951,PA\=0.0,PP\=0.0
prob.cre=0.17999999999999997
prob.mm=0.039999999999999994
prob.preferente=0.05
prob.rec=0.06999999999999999
servicio.ahorro=0.05
servicio.credito=0.2
servicio.general=0.65
servicio.mm=0.05
servicio.reclamo=0.05
